[ 7204.523761] [Project1] 4048 1588137780.309849706 1588137781.089209887
[ 7206.093476] [Project1] 4049 1588137781.866742654 1588137782.658973246
[ 7207.609159] [Project1] 4050 1588137783.408903991 1588137784.174703575
[ 7209.126207] [Project1] 4051 1588137784.923350606 1588137785.691798537
[ 7210.614274] [Project1] 4052 1588137786.399729208 1588137787.179911996
[ 7212.193256] [Project1] 4053 1588137787.950070298 1588137788.758944048
[ 7213.681419] [Project1] 4054 1588137789.485032878 1588137790.247151395
[ 7215.165534] [Project1] 4055 1588137790.964350060 1588137791.731312200
[ 7216.638062] [Project1] 4056 1588137792.457254485 1588137793.203886147
[ 7218.117558] [Project1] 4057 1588137793.913340384 1588137794.683427747
